The values before the bubble sort is performed are:
23 0 45 -3 -78 1 -1 9 
23 0 45 -3 -78 1 -1 9 
23 45 0 -3 -78 1 -1 9 
23 45 0 -3 -78 1 -1 9 
23 45 0 -3 -78 1 -1 9 
23 45 0 -3 1 -78 -1 9 
23 45 0 -3 1 -1 -78 9 
23 45 0 -3 1 -1 9 -78 
45 23 0 -3 1 -1 9 -78 
45 23 0 -3 1 -1 9 -78 
45 23 0 -3 1 -1 9 -78 
45 23 0 1 -3 -1 9 -78 
45 23 0 1 -1 -3 9 -78 
45 23 0 1 -1 9 -3 -78 
45 23 0 1 -1 9 -3 -78 
45 23 0 1 -1 9 -3 -78 
45 23 1 0 -1 9 -3 -78 
45 23 1 0 -1 9 -3 -78 
45 23 1 0 9 -1 -3 -78 
45 23 1 0 9 -1 -3 -78 
45 23 1 0 9 -1 -3 -78 
45 23 1 0 9 -1 -3 -78 
45 23 1 9 0 -1 -3 -78 
45 23 1 9 0 -1 -3 -78 
45 23 1 9 0 -1 -3 -78 
45 23 9 1 0 -1 -3 -78 
45 23 9 1 0 -1 -3 -78 
45 23 9 1 0 -1 -3 -78 
The values after the bubble sort is performed are:
45 23 9 1 0 -1 -3 -78